ATOMIC_POSITIONS {bohr}
Cs      0.000000   0.000000   0.000000
Sn      6.057721   6.057721   6.057721
I       6.057705   6.057705   0.000000
I       6.057705   0.000000   6.057705
I       0.000000   6.057705   6.057705
Cs      0.000000   0.000000  12.115416
Sn      6.057721   6.057721  18.173109
I       6.057704   6.057704  12.115416
I       6.057705   0.000000  18.173125
I       0.000000   6.057705  18.173125
Cs      0.000000  12.115416   0.000000
Sn      6.057721  18.173109   6.057721
I       6.057705  18.173125   0.000000
I       6.057704  12.115416   6.057704
I       0.000000  18.173125   6.057705
Cs      0.000000  12.115416  12.115416
Sn      6.057721  18.173109  18.173109
I       6.057704  12.115416  18.173126
I       6.057704  18.173126  12.115416
I       0.000000  18.173125  18.173125
Cs     12.115416   0.000000   0.000000
Sn     18.173109   6.057721   6.057721
I      18.173125   6.057705   0.000000
I      18.173125   0.000000   6.057705
I      12.115416   6.057704   6.057704
Cs     12.115416   0.000000  12.115416
Sn     18.173109   6.057721  18.173109
I      18.173126   6.057704  12.115416
I      18.173125   0.000000  18.173125
I      12.115416   6.057704  18.173126
Cs     12.115416  12.115416   0.000000
Sn     18.173109  18.173109   6.057721
I      18.173125  18.173125   0.000000
I      18.173126  12.115416   6.057704
I      12.115416  18.173126   6.057704
Cs     12.115416  12.115416  12.115416
Sn     18.173109  18.173109  18.173109
I      18.173126  18.173126  12.115416
I      18.173126  12.115416  18.173126
I      12.115416  18.173126  18.173126


