ATOMIC_POSITIONS {bohr}
Cs     24.097310   0.006213   0.006213
Sn      6.025880   6.025880   6.025880
I       6.025880   6.025880   0.005387
I       6.025880   0.005387   6.025880
I      23.921876   6.025880   6.025880
Cs     24.097310   0.006213  12.045548
Sn      6.025880   6.025880  18.077641
I       6.025880   6.025880  12.046374
I       6.025880   0.000573  18.077641
I      24.098135   6.025880  18.077641
Cs     24.097310  12.045548   0.006213
Sn      6.025880  18.077641   6.025880
I       6.025880  18.077641   0.000573
I       6.025880  12.046374   6.025880
I      24.098135  18.077641   6.025880
Cs     24.097310  12.045548  12.045548
Sn      6.025880  18.077641  18.077641
I       6.025880  12.051188  18.077641
I       6.025880  18.077641  12.051188
I      24.102949  18.077641  18.077641
Cs     12.057974   0.006213   0.006213
Ge     18.077641   6.025880   6.025880
I      18.077641   6.025880   0.181647
I      18.077641   0.181647   6.025880
I      12.233408   6.025880   6.025880
Cs     12.057974   0.006213  12.045548
Sn     18.077641   6.025880  18.077641
I      18.077641   6.025880  11.870115
I      18.077641   0.005387  18.077641
I      12.057148   6.025880  18.077641
Cs     12.057974  12.045548   0.006213
Sn     18.077641  18.077641   6.025880
I      18.077641  18.077641   0.005387
I      18.077641  11.870115   6.025880
I      12.057148  18.077641   6.025880
Cs     12.057974  12.045548  12.045548
Sn     18.077641  18.077641  18.077641
I      18.077641  18.077641  12.046374
I      18.077641  12.046374  18.077641
I      12.052334  18.077641  18.077641


