ATOMIC_POSITIONS {bohr}
Cs      0.019674   0.019297  23.794691
Sn      5.953591   5.962757   5.953591
I       5.953591   5.962757  23.638911
I       5.953591   0.014184   5.953591
I      23.662240   5.962757   5.953591
Cs      0.019674   0.019297  11.926857
Ge      5.953591   5.962757  17.860773
I       5.953591   5.962757  12.082637
I       5.953591   0.004750  17.860773
I       0.175454   5.962757  17.860773
Cs      0.019674  11.906218  23.794691
Sn      5.953591  17.888272   5.953591
I       5.953591  17.888272  23.627849
I       5.953591  11.911331   5.953591
I       0.003873  17.888272   5.953591
Cs      0.019674  11.906218  11.926857
Ge      5.953591  17.888272  17.860773
I       5.953591  11.920765  17.860773
I       5.953591  17.888272  12.093698
I       0.186516  17.888272  17.860773
Cs     11.887508   0.019297  23.794691
Ge     17.860773   5.962757   5.953591
I      17.860773   5.962757   0.152126
I      17.860773   0.172107   5.953591
I      12.059308   5.962757   5.953591
Cs     11.887508   0.019297  11.926857
Sn     17.860773   5.962757  17.860773
I      17.860773   5.962757  11.755057
I      17.860773   0.014184  17.860773
I      11.731728   5.962757  17.860773
Cs     11.887508  11.906218  23.794691
Sn     17.860773  17.888272   5.953591
I      17.860773  17.888272  23.810492
I      17.860773  11.753408   5.953591
I      11.903310  17.888272   5.953591
Cs     11.887508  11.906218  11.926857
Sn     17.860773  17.888272  17.860773
I      17.860773  17.888272  11.911055
I      17.860773  11.911331  17.860773
I      11.720667  17.888272  17.860773


