ATOMIC_POSITIONS {bohr}
Cs      0.000000   0.000000   0.000000
Ge      5.925239   5.925239   5.925239
I       5.925456   5.925456   0.153039
I       5.925456   0.153039   5.925456
I       0.153039   5.925456   5.925456
Cs      0.000000   0.000000  11.850916
Sn      5.925692   5.925692  17.776140
I       5.925456   5.925456  11.698231
I       5.925456  23.548794  17.776376
I      23.548794   5.925456  17.776376
Cs      0.000000  11.850916   0.000000
Sn      5.925692  17.776140   5.925692
I       5.925456  17.776376  23.548794
I       5.925456  11.698231   5.925456
I      23.548794  17.776376   5.925456
Cs      0.000000  11.850916  11.850916
Ge      5.925239  17.776593  17.776593
I       5.925456  12.003602  17.776376
I       5.925456  17.776376  12.003602
I       0.153039  17.776376  17.776376
Cs     11.850916   0.000000   0.000000
Sn     17.776140   5.925692   5.925692
I      17.776376   5.925456  23.548794
I      17.776376  23.548794   5.925456
I      11.698231   5.925456   5.925456
Cs     11.850916   0.000000  11.850916
Ge     17.776593   5.925239  17.776593
I      17.776376   5.925456  12.003602
I      17.776376   0.153039  17.776376
I      12.003602   5.925456  17.776376
Cs     11.850916  11.850916   0.000000
Ge     17.776593  17.776593   5.925239
I      17.776376  17.776376   0.153039
I      17.776376  12.003602   5.925456
I      12.003602  17.776376   5.925456
Cs     11.850916  11.850916  11.850916
Sn     17.776140  17.776140  17.776140
I      17.776376  17.776376  11.698231
I      17.776376  11.698231  17.776376
I      11.698231  17.776376  17.776376


