ATOMIC_POSITIONS {bohr}
Cs      0.022127   0.022127  23.537768
Ge      5.889973   5.889973   5.889973
I       5.889973   5.889973  23.526516
I       5.889973   0.165986   5.889973
I       0.165986   5.889973   5.889973
Cs      0.022127   0.022127  11.802074
Ge      5.889973   5.889973  17.669921
I       5.889973   5.889973  11.813327
I       5.889973   0.033379  17.669921
I       0.033379   5.889973  17.669921
Cs      0.022127  11.757821  23.537768
Sn      5.889973  17.669921   5.889973
I       5.889973  17.669921  23.393908
I       5.889973  11.613961   5.889973
I      23.415485  17.669921   5.889973
Cs      0.022127  11.757821  11.802074
Ge      5.889973  17.669921  17.669921
I       5.889973  11.746568  17.669921
I       5.889973  17.669921  11.945934
I       0.165986  17.669921  17.669921
Cs     11.757821   0.022127  23.537768
Sn     17.669921   5.889973   5.889973
I      17.669921   5.889973  23.393908
I      17.669921  23.415485   5.889973
I      11.613961   5.889973   5.889973
Cs     11.757821   0.022127  11.802074
Ge     17.669921   5.889973  17.669921
I      17.669921   5.889973  11.945934
I      17.669921   0.165986  17.669921
I      11.746568   5.889973  17.669921
Cs     11.757821  11.757821  23.537768
Ge     17.669921  17.669921   5.889973
I      17.669921  17.669921   0.144410
I      17.669921  11.924358   5.889973
I      11.924358  17.669921   5.889973
Cs     11.757821  11.757821  11.802074
Sn     17.669921  17.669921  17.669921
I      17.669921  17.669921  11.635537
I      17.669921  11.613961  17.669921
I      11.613961  17.669921  17.669921


