ATOMIC_POSITIONS {bohr}
Cs      0.016677  23.255845  23.255845
Ge      5.818130   5.818130   5.818130
I       5.818130   5.818130  23.255158
I       5.818130  23.255158   5.818130
I       0.170733   5.818130   5.818130
Cs      0.016677  23.255845  11.652937
Ge      5.818130   5.818130  17.454391
I       5.818130   5.818130  11.653625
I       5.818130  23.268344  17.454391
I       0.017364   5.818130  17.454391
Cs      0.016677  11.652937  23.255845
Ge      5.818130  17.454391   5.818130
I       5.818130  17.454391  23.268344
I       5.818130  11.653625   5.818130
I       0.017364  17.454391   5.818130
Cs      0.016677  11.652937  11.652937
Ge      5.818130  17.454391  17.454391
I       5.818130  11.640438  17.454391
I       5.818130  17.454391  11.640438
I       0.004178  17.454391  17.454391
Cs     11.619584  23.255845  23.255845
Sn     17.454391   5.818130   5.818130
I      17.454391   5.818130  23.101788
I      17.454391  23.101788   5.818130
I      11.465528   5.818130   5.818130
Cs     11.619584  23.255845  11.652937
Ge     17.454391   5.818130  17.454391
I      17.454391   5.818130  11.806994
I      17.454391  23.255158  17.454391
I      11.618897   5.818130  17.454391
Cs     11.619584  11.652937  23.255845
Ge     17.454391  17.454391   5.818130
I      17.454391  17.454391  23.255158
I      17.454391  11.806994   5.818130
I      11.618897  17.454391   5.818130
Cs     11.619584  11.652937  11.652937
Ge     17.454391  17.454391  17.454391
I      17.454391  17.454391  11.653625
I      17.454391  11.653625  17.454391
I      11.632083  17.454391  17.454391


